$ANSIBLE_VAULT;1.1;AES256
62306635636132383966666333363565313335393666386362666664663633643436653133616666
6530363362353231623638663533656635313761316530310a306338663961336266663563313434
62363933376161346637383737363630336631363638333436663231396530636638613635366662
3166626436653931330a383938356664353461636637343265303530323365626336303862373632
63653939626235333863636134663739653264653630613163393931333735326132393736336337
39613834646138653831663136633166646137323732313266393238613361353634653665333235
39396635636365316366303530343133643635656236653764663635356664396665326433653666
61313661396264333763356564656434393861626362373766366333313732646633326637386135
34386631366365393531656631656264396564373935633136336132373062363334623332383766
33393266363838373031323064356635666439613533363662343766333261313061393866653637
33386138386635386334373132386534323438313437613564613862633039303164636636313231
35313233633633356363366562613636633963666331383031653631346131613665323232326437
30353337386561326566356263643963386536336631636431623338666265646536306433303966
39333532363036333164373064616637343163663561636364313339653536353439303666383332
39336262633236613839626639623831643534386635623034633938356361663465383166633834
33656663666461303363333330396230633336613162343537623834613237376631666236323334
32393530323131396438633930383035323736313461633161306138356139663934623736396333
61343263326539663863646161363865623038386236636532633631653732393665623330396635
64636462336334656633636135333135666637363137616437353338653463323661373839343765
63613630333338323639303432623638386238656435643638376438646238663461616266613130
30396335393630323161666233363230323462353431376561383836303233653465626339663433
36313031383133373764333966326662656138326139346639346339653533613131616366653738
65303964626230383530613461323331613335623337333561666233376363353065373235383534
33306235333234363366353539383031616633643866366465623738613164616535343361616161
30643861356230623666666538386439393939626162393438653036383963343434
